RMSE:52559.70461428911
MAE:36290.07053226484
R2:0.7131795664711507
Acc:0.8801820020222447
F1:0.7538940809968847
