RMSE: 52352.362363552966
MAE: 36959.84979160097
R2: 0.7251254895167087
Accuracy: 0.873697585768742
Precision: 0.7440476190476191
Recall: 0.7583417593528817
F1: 0.7511266900350526
